
TYPE,2
POSITION,-30.000000,0.000000,0.000000
SCALE,1.650000,1.000000,1.000000
ROTATE,0.000000,0.000000,270.000000
VERSION,0
COLISIONSIZE,5.000000,100.000000,100.000000
TYPE,2
POSITION,-30.000000,0.000000,-60.000000
SCALE,1.650000,1.000000,1.000000
ROTATE,0.000000,270.000000,270.000000
VERSION,0
COLISIONSIZE,100.000000,100.000000,5.000000
TYPE,2
POSITION,0.000000,90.000000,55.000000
SCALE,0.500000,2.000000,0.300000
ROTATE,90.000000,0.000000,0.000000
VERSION,0
COLISIONSIZE,30.000000,32.000000,10.000000
TYPE,2
POSITION,0.000000,90.000000,50.000000
SCALE,0.500000,2.000000,0.300000
ROTATE,270.000000,0.000000,0.000000
VERSION,0
COLISIONSIZE,30.000000,32.000000,10.000000
TYPE,2
POSITION,30.000000,0.000000,0.000000
SCALE,1.650000,1.000000,1.000000
ROTATE,0.000000,0.000000,90.000000
VERSION,0
COLISIONSIZE,5.000000,100.000000,100.000000
TYPE,3
POSITION,0.000000,-50.000000,-30.000000
SCALE,0.300000,0.500000,0.300000
ROTATE,0.000000,0.000000,0.000000
VERSION,0
COLISIONSIZE,30.000000,55.000000,30.000000
TYPE,3
POSITION,0.000000,-50.000000,70.000000
SCALE,0.300000,0.500000,0.300000
ROTATE,0.000000,0.000000,0.000000
VERSION,0
COLISIONSIZE,30.000000,55.000000,30.000000
TYPE,3
POSITION,0.000000,-100.000000,20.000000
SCALE,0.300000,0.500000,0.300000
ROTATE,0.000000,0.000000,0.000000
VERSION,0
COLISIONSIZE,30.000000,55.000000,30.000000
TYPE,3
POSITION,0.000000,-100.000000,106.000000
SCALE,0.300000,0.500000,0.300000
ROTATE,0.000000,0.000000,0.000000
VERSION,0
COLISIONSIZE,30.000000,55.000000,30.000000
TYPE,8
POSITION,0.000000,-50.000000,160.000000
SCALE,3.000000,0.500000,0.300000
ROTATE,0.000000,90.000000,0.000000
VERSION,4
COLISIONSIZE,30.000000,55.000000,30.000000
TYPE,5
POSITION,0.000000,12.000000,195.000000
SCALE,0.100000,0.100000,0.100000
ROTATE,0.000000,0.000000,0.000000
VERSION,1
COLISIONSIZE,10.000000,10.000000,10.000000
TYPE,8
POSITION,-30.000000,0.000000,140.000000
SCALE,0.300000,1.000000,0.490000
ROTATE,0.000000,0.000000,0.000000
VERSION,4
COLISIONSIZE,4.000000,100.000000,50.000000
TYPE,8
POSITION,-1.000000,0.000000,190.000000
SCALE,0.300000,1.000000,0.490000
ROTATE,0.000000,90.000000,0.000000
VERSION,4
COLISIONSIZE,50.000000,100.000000,4.000000
TYPE,8
POSITION,30.000000,0.000000,140.000000
SCALE,0.300000,1.000000,0.490000
ROTATE,0.000000,180.000000,0.000000
VERSION,4
COLISIONSIZE,4.000000,100.000000,50.000000
TYPE,0
POSITION,0.000000,0.000000,-20.000000
SCALE,0.100000,0.100000,0.100000
ROTATE,0.000000,0.000000,0.000000
VERSION,0
COLISIONSIZE,0.000000,0.000000,0.000000