
TYPE,1
POSITION,0.000000,10.000000,0.000000
SCALE,0.100000,0.100000,0.100000
ROTATE,0.000000,0.000000,0.000000
VERSION,0
COLISIONSIZE,10.000000,10.000000,2.000000
TYPE,1
POSITION,20.000000,10.000000,0.000000
SCALE,0.100000,0.100000,0.100000
ROTATE,0.000000,0.000000,0.000000
VERSION,0
COLISIONSIZE,10.000000,10.000000,2.000000
TYPE,1
POSITION,40.000000,10.000000,0.000000
SCALE,0.100000,0.100000,0.100000
ROTATE,0.000000,0.000000,0.000000
VERSION,0
COLISIONSIZE,10.000000,10.000000,2.000000
TYPE,1
POSITION,60.000000,10.000000,0.000000
SCALE,0.100000,0.100000,0.100000
ROTATE,0.000000,0.000000,0.000000
VERSION,0
COLISIONSIZE,10.000000,10.000000,2.000000
TYPE,1
POSITION,80.000000,10.000000,0.000000
SCALE,0.100000,0.100000,0.100000
ROTATE,0.000000,0.000000,0.000000
VERSION,0
COLISIONSIZE,10.000000,10.000000,2.000000
TYPE,1
POSITION,0.000000,10.000000,0.000000
SCALE,0.100000,0.100000,0.100000
ROTATE,0.000000,0.000000,0.000000
VERSION,0
COLISIONSIZE,10.000000,10.000000,2.000000
TYPE,1
POSITION,-20.000000,10.000000,0.000000
SCALE,0.100000,0.100000,0.100000
ROTATE,0.000000,0.000000,0.000000
VERSION,0
COLISIONSIZE,10.000000,10.000000,2.000000
TYPE,1
POSITION,-40.000000,10.000000,0.000000
SCALE,0.100000,0.100000,0.100000
ROTATE,0.000000,0.000000,0.000000
VERSION,0
COLISIONSIZE,10.000000,10.000000,2.000000
TYPE,1
POSITION,-60.000000,10.000000,0.000000
SCALE,0.100000,0.100000,0.100000
ROTATE,0.000000,0.000000,0.000000
VERSION,0
COLISIONSIZE,10.000000,10.000000,2.000000
TYPE,1
POSITION,-80.000000,10.000000,0.000000
SCALE,0.100000,0.100000,0.100000
ROTATE,0.000000,0.000000,0.000000
VERSION,0
COLISIONSIZE,10.000000,10.000000,2.000000
TYPE,1
POSITION,30.000000,10.000000,-10.000000
SCALE,0.100000,0.100000,0.100000
ROTATE,0.000000,90.000000,0.000000
VERSION,0
COLISIONSIZE,2.000000,10.000000,10.000000
TYPE,1
POSITION,30.000000,10.000000,-30.000000
SCALE,0.100000,0.100000,0.100000
ROTATE,0.000000,90.000000,0.000000
VERSION,0
COLISIONSIZE,2.000000,10.000000,10.000000
TYPE,1
POSITION,30.000000,10.000000,-70.000000
SCALE,0.100000,0.100000,0.100000
ROTATE,0.000000,90.000000,0.000000
VERSION,0
COLISIONSIZE,2.000000,10.000000,10.000000
TYPE,1
POSITION,30.000000,10.000000,-90.000000
SCALE,0.100000,0.100000,0.100000
ROTATE,0.000000,90.000000,0.000000
VERSION,0
COLISIONSIZE,2.000000,10.000000,10.000000
TYPE,4
POSITION,60.000000,1.000000,-40.000000
SCALE,0.020000,0.020000,0.020000
ROTATE,0.000000,0.000000,0.000000
VERSION,0
COLISIONSIZE,6.000000,10.000000,6.000000
TYPE,2
POSITION,100.000000,60.000000,0.000000
SCALE,1.000000,1.000000,1.000000
ROTATE,0.000000,0.000000,90.000000
VERSION,0
COLISIONSIZE,6.000000,70.000000,110.000000
TYPE,2
POSITION,-90.000000,60.000000,0.000000
SCALE,1.000000,1.000000,1.000000
ROTATE,0.000000,0.000000,270.000000
VERSION,0
COLISIONSIZE,6.000000,70.000000,110.000000
TYPE,2
POSITION,0.000000,60.000000,100.000000
SCALE,1.000000,1.000000,1.000000
ROTATE,0.000000,270.000000,90.000000
VERSION,0
COLISIONSIZE,110.000000,70.000000,6.000000
TYPE,2
POSITION,0.000000,60.000000,-100.000000
SCALE,1.000000,1.000000,1.000000
ROTATE,0.000000,90.000000,90.000000
VERSION,0
COLISIONSIZE,110.000000,70.000000,6.000000
TYPE,3
POSITION,0.000000,-5.000000,0.000000
SCALE,1.000000,0.050000,1.000000
ROTATE,0.000000,0.000000,0.000000
VERSION,0
COLISIONSIZE,100.000000,6.000000,100.000000
TYPE,5
POSITION,0.000000,10.000000,102.000000
SCALE,0.100000,0.100000,0.100000
ROTATE,0.000000,0.000000,0.000000
VERSION,1
COLISIONSIZE,10.000000,10.000000,15.000000
TYPE,6
POSITION,60.000000,7.000000,-40.000000
SCALE,0.012000,0.012000,0.012000
ROTATE,0.000000,0.000000,0.000000
VERSION,2
COLISIONSIZE,1.000000,2.000000,4.000000
TYPE,7
POSITION,30.000000,5.000000,-50.000000
SCALE,3.500000,3.500000,3.500000
ROTATE,90.000000,0.000000,0.000000
VERSION,3
COLISIONSIZE,4.000000,4.000000,4.000000
TYPE,0
POSITION,0.000000,0.000000,-20.000000
SCALE,0.100000,0.100000,0.100000
ROTATE,0.000000,0.000000,0.000000
VERSION,0
COLISIONSIZE,0.000000,0.000000,0.000000