
TYPE,1
POSITION,0.000000,10.000000,60.000000
SCALE,0.100000,0.100000,0.100000
ROTATE,0.000000,0.000000,0.000000
VERSION,4
COLISIONSIZE,10.000000,15.000000,2.000000
TYPE,1
POSITION,20.000000,10.000000,60.000000
SCALE,0.100000,0.100000,0.100000
ROTATE,0.000000,0.000000,0.000000
VERSION,4
COLISIONSIZE,10.000000,15.000000,2.000000
TYPE,1
POSITION,40.000000,10.000000,60.000000
SCALE,0.100000,0.100000,0.100000
ROTATE,0.000000,0.000000,0.000000
VERSION,4
COLISIONSIZE,10.000000,15.000000,2.000000
TYPE,1
POSITION,60.000000,10.000000,60.000000
SCALE,0.100000,0.100000,0.100000
ROTATE,0.000000,0.000000,0.000000
VERSION,4
COLISIONSIZE,10.000000,15.000000,2.000000
TYPE,1
POSITION,80.000000,10.000000,60.000000
SCALE,0.100000,0.100000,0.100000
ROTATE,0.000000,0.000000,0.000000
VERSION,4
COLISIONSIZE,10.000000,15.000000,2.000000
TYPE,1
POSITION,-20.000000,10.000000,60.000000
SCALE,0.100000,0.100000,0.100000
ROTATE,0.000000,0.000000,0.000000
VERSION,4
COLISIONSIZE,10.000000,15.000000,2.000000
TYPE,1
POSITION,-40.000000,10.000000,60.000000
SCALE,0.100000,0.100000,0.100000
ROTATE,0.000000,0.000000,0.000000
VERSION,4
COLISIONSIZE,10.000000,15.000000,2.000000
TYPE,1
POSITION,-60.000000,10.000000,60.000000
SCALE,0.100000,0.100000,0.100000
ROTATE,0.000000,0.000000,0.000000
VERSION,4
COLISIONSIZE,10.000000,15.000000,2.000000
TYPE,1
POSITION,-80.000000,10.000000,60.000000
SCALE,0.100000,0.100000,0.100000
ROTATE,0.000000,0.000000,0.000000
VERSION,4
COLISIONSIZE,10.000000,15.000000,2.000000
TYPE,2
POSITION,92.000000,40.000000,0.000000
SCALE,1.000000,1.000000,0.600000
ROTATE,0.000000,0.000000,90.000000
VERSION,0
COLISIONSIZE,4.000000,60.000000,60.000000
TYPE,2
POSITION,-92.000000,40.000000,0.000000
SCALE,1.000000,1.000000,0.600000
ROTATE,0.000000,0.000000,270.000000
VERSION,0
COLISIONSIZE,4.000000,60.000000,60.000000
TYPE,2
POSITION,0.000000,0.000000,-50.000000
SCALE,1.500000,1.000000,1.000000
ROTATE,90.000000,0.000000,0.000000
VERSION,0
COLISIONSIZE,100.000000,100.000000,5.000000
TYPE,3
POSITION,0.000000,-5.000000,50.000000
SCALE,1.000000,0.050000,1.000000
ROTATE,0.000000,0.000000,0.000000
VERSION,0
COLISIONSIZE,100.000000,5.000000,100.000000
TYPE,5
POSITION,0.000000,10.000000,143.000000
SCALE,0.100000,0.100000,0.100000
ROTATE,0.000000,0.000000,0.000000
VERSION,1
COLISIONSIZE,10.000000,10.000000,14.000000
TYPE,8
POSITION,0.000000,0.000000,140.000000
SCALE,0.100000,1.000000,1.000000
ROTATE,0.000000,90.000000,0.000000
VERSION,4
COLISIONSIZE,110.000000,100.000000,2.000000
TYPE,8
POSITION,-92.000000,0.000000,105.000000
SCALE,0.100000,1.000000,0.500000
ROTATE,0.000000,0.000000,0.000000
VERSION,4
COLISIONSIZE,5.000000,100.000000,50.000000
TYPE,8
POSITION,92.000000,0.000000,105.000000
SCALE,0.100000,1.000000,0.500000
ROTATE,0.000000,180.000000,0.000000
VERSION,4
COLISIONSIZE,5.000000,100.000000,50.000000
TYPE,0
POSITION,0.000000,0.000000,-20.000000
SCALE,0.100000,0.100000,0.100000
ROTATE,0.000000,0.000000,0.000000
VERSION,0
COLISIONSIZE,0.000000,0.000000,0.000000